Chromosome	StartPosition	EndPosition	Gene	Met1	Met2	Met3	Met4	Met5	Met6
#EstPurities				69.799%	71.429%	67.470%	71.930%	70.520%	70.833%
#MedianVAFs				34.576%	34.343%	33.566%	35.076%	33.333%	35.014%
#PriorAlpha				1.000	1.000	1.000	1.000	1.000	1.000
#PriorBeta				1.433	1.400	1.482	1.390	1.418	1.412
1	109632063	109632064	RP5-1065J22.8	7.20221612e-05	1.90830177e-05	1	2.24650987e-05	4.63860055e-05	9.53358743e-05
1	118030132	118030133	MAN1A2	0.00015251348	1.25409648e-05	1	0.000363300517	0.000272448609	3.96978988e-05
1	122519836	122519837	unknown	1	0.000116131078	9.72848852e-05	9.78680119e-05	0.000104654678	0.000196580555
1	122904753	122904754	unknown	6.10238861e-05	3.45447665e-05	6.01893679e-05	1	0.000201649742	3.29957785e-06
1	1403857	1403858	ATAD3C	1	1	1	1	1	1
1	152836222	152836223	unknown	1	1	1	1	1	1
1	154842200	154842201	KCNN3	0.999958536	3.45447665e-05	0.00113297392	1.04968421e-05	1.76667546e-05	8.58317178e-05
1	156940808	156940809	ARHGEF11	0.000227517336	0.00168780324	0.000707307585	1	0.000185122751	7.22175505e-05
1	174509978	174509979	RABGAP1L	0.00197485317	2.67633149e-05	4.21754114e-05	0.000121779204	1	3.29957785e-06
1	219831615	219831616	unknown	6.64110876e-05	0.000165525868	0.00172504857	0.000526373154	3.61296671e-05	0.992207445
1	220809308	220809309	MARK1	0.000937092926	0.0011631764	0.983917297	3.16174059e-05	5.04723867e-05	0.000801281154
1	34041581	34041582	CSMD2	1	2.46168592e-05	1	1.81659798e-05	0.00103104	1
1	36319099	36319100	AGO4	0.851426199	0.000111822082	4.39182841e-05	8.2771445e-05	1.84164831e-05	2.60223933e-05
1	46839333	46839334	unknown	5.15534157e-05	0.000204244679	0.000660112551	7.85478821e-05	1	5.34833333e-05
1	50923479	50923480	FAF1	0.0918292054	2.67633149e-05	0.00195980696	0.00081606225	1	3.96209861e-05
1	74557777	74557778	LRRIQ3	1	1	1	1	1	1
1	79061263	79061264	unknown	1	1	1	1	1	1
1	80566908	80566909	unknown	0.00888790628	1	2.8188503e-05	4.19875049e-05	0.000100218362	0.000917509559
10	111839295	111839296	ADD3	0.000163492195	7.83093627e-05	4.39182841e-05	1	0.0133225221	5.52587016e-05
10	117420963	117420964	ATRNL1	1	0.00106087069	4.96026396e-05	0.000174603493	0.00147643428	4.91063209e-05
10	118631379	118631380	ENO4	1	1	1	1	1	1
10	123594688	123594689	ATE1	0.000131634456	1.90830177e-05	0.0363933898	0.000931615633	0.999981245	5.82611302e-05
10	134503609	134503610	INPP5A	7.22876555e-05	1	0.000738198039	0.000606693023	1.43585616e-05	0.000172846027
10	25278769	25278770	ENKUR	1	1	1	1	1	1
10	29194792	29194793	unknown	0.000443460951	1	0.000839575675	0.000179818396	0.000260942851	0.000876930682
10	31319927	31319928	ZNF438	0.000163492195	0.000537741255	7.64738166e-05	1	0.00249872526	0.00774680747
10	35019355	35019356	PARD3	0.00016350759	0.00295965493	0.000331405472	1.09471999e-05	0.999999925	1.17768235e-05
10	44378619	44378620	LINC00840	1	1	1	1	1	1
10	52545046	52545047	ASAH2B	0.000115661808	0.002357307	4.38167646e-05	3.44507695e-05	2.08660914e-05	0.999910686
10	60054296	60054297	unknown	0.000896192336	6.58216139e-05	9.96549664e-05	7.93116882e-05	1	0.000128229888
10	71118156	71118157	HK1	3.88933096e-05	1	5.78412286e-05	1.00652985e-05	0.00107693787	0.0015889426
10	73156267	73156268	unknown	2.87208558e-05	1.06114103e-05	1	0.000116815037	0.000402778068	0.000917509559
10	86000429	86000430	LRIT1	1	1	1	1	1	1
11	101690887	101690888	TRPC6	2.6434331e-05	1	0.000164316958	4.19341439e-06	0.000361639001	0.000138647919
11	102465849	102465850	MMP20	1	0.00652271113	1	1.00652985e-05	6.51807874e-05	0.00120111051
11	117789313	117789328	TMPRSS13	0.00015251348	0.00101328567	0.999999977	0.0113465326	4.26134274e-05	4.7057183e-05
11	124775608	124775609	unknown	8.49953388e-05	0.000277053085	0.000220944819	2.78064902e-05	7.41194678e-05	1
11	126358756	126358757	KIRREL3	1	3.47289285e-06	1	6.88833608e-05	0.000126287163	1
11	19141531	19141532	ZDHHC13	0.000372962697	4.46534639e-05	2.04708184e-05	2.6462815e-05	0.000475122488	1
11	39429292	39429293	unknown	0.000115661808	0.000623890602	0.000304995341	1	0.000323955948	3.80127136e-05
11	68235371	68235372	PPP6R3	4.17955398e-05	5.67513217e-05	0.00179988008	1	0.000154963295	8.96306593e-05
11	72556020	72556021	FCHSD2	1	0.000297343626	9.16841199e-05	7.50821884e-06	8.4035549e-06	0.00030288665
11	77273505	77273506	CLNS1A	0.965829265	0.000144598611	0.000707307585	1.19077457e-05	5.93723138e-05	0.000133799396
11	78498236	78498237	TENM4	0.000113739667	0.000111822082	8.97715748e-05	0.000734156814	1	0.000255691198
11	80144771	80144772	unknown	1	1	1	1	1	1
11	94076768	94076769	unknown	1	1	1	1	1	1
12	104869701	104869702	CHST11	1	5.30331613e-05	0.000345484428	5.78627077e-05	6.51807874e-05	4.50955268e-05
12	130217451	130217452	TMEM132D	1	1.36359766e-05	0.000408271382	8.20705781e-05	0.000169983559	0.000165605219
12	1508641	1508642	ERC1	1	1	1	1	1	1
12	25398285	25398286	KRAS	1	1	1	1	1	1
12	84634741	84634742	unknown	0.000134461225	0.000357084186	1	1.24197252e-05	0.000119105401	3.64708556e-05
12	85994503	85994504	unknown	0.000242930954	1	0.000258485143	0.00166417393	0.000385563911	0.00156501249
12	94078100	94078101	CRADD	0.000120750999	0.000132573317	1.32266494e-05	0.000204944739	1	2.95255821e-05
13	100417484	100417485	CLYBL	1	1	1	1	1	1
13	111294112	111294113	CARS2	0.000597359688	3.6184957e-06	0.000122574174	0.96617268	3.29070612e-06	2.20004383e-05
13	118573385	118573386	unknown	1	1	1	1	1	1
13	132261687	132261688	unknown	1	0.00150387608	0.00179988008	0.000151147614	0.00313188507	0.000290000463
13	1561575	1561576	unknown	1	1	1	1	1	1
13	1690746	1690747	unknown	4.77217166e-05	0.000315992016	6.33433396e-05	0.000416380308	1	4.32175109e-05
13	34740105	34740106	unknown	0.000204958977	3.76241983e-05	8.44235275e-05	0.000239639988	0.99229232	2.71403215e-05
13	39804887	39804888	unknown	1	1.54638723e-05	0.000443977989	0.000474827527	1.07544359e-05	9.36028563e-05
13	42427865	42427866	VWA8	7.54236832e-05	8.98278139e-06	0.000136753764	0.000938054569	8.75565486e-06	1
13	53783959	53783960	unknown	0.000475135603	0.000179368323	1	0.000684502346	0.00082998631	2.0489044e-05
13	58019181	58019182	unknown	0.000204958977	0.000121804328	6.59880227e-05	1	5.26641361e-05	3.16802436e-06
13	63585668	63585669	unknown	5.82391951e-06	5.46270774e-06	0.000178765819	0.000145942465	1	6.34776792e-05
13	78160592	78160593	SCEL	6.92854213e-05	0.00058812748	0.811082241	0.000855741696	1.268354e-05	5.12469653e-05
13	86750621	86750622	unknown	0.931384146	9.83929072e-05	0.0014150897	0.000116645107	0.000263769704	0.00015822446
13	98203394	98203395	unknown	1	1	1	1	1	1
13	99069441	99069442	FARP1	0.000126071561	1.48283954e-05	0.00584107639	1	1	0.00110046239
14	101691686	101691687	unknown	8.85967859e-05	0.000179368323	1	0.000111749318	4.82450391e-05	0.000681934386
14	101714125	101714126	unknown	5.60840762e-05	1	0.001765792	0.0107746035	7.26862812e-05	2.96639167e-05
14	109293754	109293755	unknown	0.831409826	0.000287653714	0.000955538397	0.000266603072	4.44411263e-05	6.61068235e-06
14	111220338	111220339	unknown	0.000601912868	0.000151430922	0.000171508089	0.000347525418	0.637527146	0.000139617029
14	13505332	13505333	unknown	1	3.45447665e-05	0.000171383806	1.59987233e-05	0.000188047721	0.000145694191
14	17206690	17206691	unknown	0.000134461225	7.17871057e-05	0.00019387279	3.91959985e-05	8.29067815e-05	1
14	25792724	25792725	unknown	0.000378900204	0.000138573585	0.000112785772	1	0.000263769704	3.07974405e-05
14	3503407	3503408	unknown	1	1	1	1	1	1
14	39838978	39838979	CTAGE5	1	1	1	1	1	1
14	58702192	58702193	C14orf37	1	0.00309821751	0.000354357088	8.20705781e-05	1.21705131e-05	0.000236043901
14	60016344	60016345	CCDC175	5.85005306e-05	9.32453735e-05	7.46232238e-05	0.950892511	0.00172731708	0.00138419503
14	65602473	65602474	unknown	0.000143533861	3.04008308e-05	0.000571802018	0.000255133316	1	0.000393650525
14	71317506	71317507	unknown	0.000497287377	0.000449885436	0.00534851765	4.56826145e-05	0.724809591	0.000144878845
14	7215152	7215153	unknown	0.000313976479	0.000623890602	6.01893679e-05	2.9021686e-05	4.19781661e-06	1
14	72609153	72609154	RGS6	9.74171418e-05	0.00927242968	7.92593749e-06	0.000111749318	0.00107693787	1
14	74786889	74786890	VRTN	0.000406636237	1	6.33433396e-05	0.000362206898	0.000177387444	0.000111394546
14	78301349	78301350	ADCK1	0.000342160686	0.000106351435	0.000571802018	0.00019106222	1	7.53980644e-05
14	95355631	95355632	unknown	4.39682115e-05	0.00740015892	0.00026207418	1	0.0782881284	0.000681934386
15	104015905	104015906	unknown	1	0.00540234721	1	6.31267128e-05	6.45269473e-05	1
15	107086854	107086855	unknown	9.21618686e-05	1	0.000600333579	0.000379394471	0.00272831354	5.3851361e-06
15	24250724	24250725	unknown	2.53616108e-05	0.000126840998	0.935118729	0.0142572488	4.08889097e-05	1.5750841e-05
15	28931056	28931057	unknown	1	1	1	1	1	1
15	35237814	35237815	AQR	0.000159068501	0.000216553278	0.00147886778	0.000855741696	8.64547008e-05	0.860779991
15	44803153	44803154	CTDSPL2	0.000106136258	6.30321671e-05	0.000144870383	0.933089776	2.00146815e-05	0.000330460011
15	46392427	46392428	RP11-315O8.1	1	1	1	1	1	1
15	76872474	76872475	SCAPER	7.31440126e-05	6.03639017e-05	1	1.97748697e-05	0.00128643909	1.94044674e-05
15	78841206	78841207	PSMA4	1.7494839e-05	2.82904358e-06	0.00253416072	9.01610907e-05	0.000165958755	1
15	79839287	79839288	unknown	1.66292615e-06	2.79236372e-05	4.05032433e-05	1	2.5711357e-05	0.00213762124
15	82268175	82268176	RP11-276M12.1	1	1	1	1	1	1
15	84070515	84070516	RP11-382A20.4	9.74171418e-05	1	0.000171508089	0.000209135053	0.00169608062	1.04015625e-05
15	84861190	84861191	CSPG4P11	1.2098587e-05	1	0.00633668946	6.88833608e-05	3.59779747e-05	4.91063209e-05
15	94670091	94670092	unknown	8.21221242e-05	1	2.60168388e-05	0.000622150293	0.000263769704	8.40140107e-05
15	97254850	97254851	unknown	0.000896192336	9.32453735e-05	1	0.000332456049	0.000436362937	0.000560332514
16	16180644	16180645	ABCC1	1	0.000315992016	1.89031966e-05	8.20705781e-05	0.000338336819	0.00442196779
16	23550536	23550537	EARS2	2.75533941e-05	3.31029073e-05	0.000211751046	1.89530391e-05	0.999992759	6.34477069e-06
16	2892306	2892307	PRSS30P	0.000115661808	8.61687371e-06	2.49958002e-05	0.000223675494	1	3.64708556e-05
16	35639976	35639977	unknown	1.42494014e-05	1	0.000482924842	0.000746096627	0.000126287163	0.000144878845
16	36833347	36833348	unknown	0.000109090286	2.79236372e-05	1	4.7652774e-05	3.44936975e-05	0.000316363774
16	52337373	52337374	unknown	1	1	1	1	1	1
16	53835028	53835029	FTO	1	0.00372362881	0.00147886778	0.000332456049	4.83739996e-05	0.000196580555
16	53875178	53875179	FTO	1	0.00225295927	2.40156031e-05	0.000852844579	0.000298178357	9.78808067e-05
16	65466044	65466045	LINC00922,RP11-256I9.3	1	0.000517422534	1	0.000111749318	0.000495808857	0.000266706759
16	66277426	66277427	unknown	1	1	1	1	1	1
16	68738207	68738208	CDH3	7.12965714e-06	0.000259436209	0.00365483956	1	0.00107693787	0.00613215853
17	37775832	37775833	unknown	0.000227517336	5.07978028e-05	7.86927359e-05	0.000145942465	0.000193161783	1
17	47889483	47889484	KAT7	0.000126071561	7.31023874e-05	0.00161564931	0.000254901351	0.932461115	0.000712050382
17	50607409	50607410	RP11-429O1.1	0.99996329	0.000121804328	0.000202953711	0.000157843902	1.75795365e-06	9.36028563e-05
17	52003058	52003059	unknown	1	1	1	1	1	1
17	52729681	52729682	unknown	0.0113108977	5.53694545e-05	1	6.31267128e-05	3.17100299e-05	0.000876930682
17	84878702	84878703	unknown	3.68695672e-05	0.00058812748	0.000186102925	0.750876843	0.000715058813	3.64709614e-05
17	89582004	89582005	unknown	0.00107189371	7.83093627e-05	2.8188503e-05	6.0246432e-05	0.000193204822	1
17	9426579	9426580	STX8	1	1	1	1	1	1
18	11848609	11848610	GNAL	1	2.82904358e-06	4.21754114e-05	0.00250360294	0.000116054489	8.12002691e-06
18	23308373	23308374	unknown	0.00262990134	0.000393902201	0.999999998	0.000234413968	0.00169608062	0.000490596089
18	61348540	61348541	SERPINB11	0.00017305973	1.82958643e-05	9.64668568e-06	0.00606277126	0.000547832796	0.886315375
18	63483197	63483198	CDH7	1	1	1	1	1	1
18	66699630	66699631	CCDC102B	0.00468333698	0.000171785905	1.43162581e-05	5.78627077e-05	1	0.000960049388
18	8272293	8272294	PTPRM	0.000180522953	1	3.58821207e-05	0.000282448931	9.59755085e-05	0.000329522866
19	16683613	16683614	CTD-3222D19.2	1	1	1	1	1	1
19	30116569	30116570	unknown	0.000126071561	3.45447665e-05	8.97715748e-05	1	3.17100299e-05	1.20506626e-05
19	41371723	41371724	CTC-490E21.12	2.33474221e-05	0.00153683653	1	6.31267128e-05	0.000310204583	0.00182902651
19	48017589	48017590	NAPA	0.00427581099	0.000157592118	0.000228440665	1	1	0.00255860435
19	56404806	56404807	NLRP13	1	1	1	1	1	1
19	69320144	69320145	unknown	0.000253508783	0.000643426134	0.000194534941	0.000138614914	1	8.29722888e-05
2	107262567	107262568	unknown	0.000657227792	9.32453735e-05	0.001930694	6.28104493e-05	0.998400994	5.12469653e-05
2	118989263	118989264	unknown	5.86011705e-05	0.994060955	0.000202953711	6.31267128e-05	0.000130075731	2.20004383e-05
2	138160424	138160425	THSD7B	1	0.000171785905	0.000997808535	0.000681202449	0.000124525012	7.8722696e-05
2	165539093	165539094	COBLL1	0.000257687066	3.60508813e-05	2.70804653e-05	0.000233692163	1	0.00120586125
2	208837268	208837269	PLEKHM3	0.0113528241	3.89101824e-05	0.998651154	0.000138614914	1.43585616e-05	3.49926124e-05
2	215726229	215726230	AC072062.1	0.000204958977	0.000360597357	1	1.14172092e-05	0.00195034217	2.48281624e-06
2	22015128	22015129	AC067959.1	0.000188317002	1.42194744e-05	0.00264573273	7.28285028e-05	1	4.14194684e-05
2	35555682	35555683	unknown	1	0.000111822082	0.000138930332	1.89530391e-05	0.000715058813	0.000585798482
2	45720470	45720471	SRBD1	0.000178403479	2.79236372e-05	0.000503708418	0.000164844803	1	0.000110830265
2	4896193	4896194	unknown	0.00168798034	1.76835086e-05	1.74576734e-05	0.0506740267	1	3.80494602e-05
2	53338118	53338119	unknown	8.94338254e-05	0.00448170354	0.000656393192	1	0.000239407617	0.00385214551
2	83813970	83813971	unknown	1	1	1	1	1	1
2	92156909	92156910	unknown	1	1	1	1	1	1
2	96758539	96758540	unknown	0.00087575789	2.07624753e-05	1	0.000166931908	6.80303008e-05	0.000223675654
20	37146354	37146355	RALGAPB	2.06272784e-05	0.00955940178	0.000122574174	3.91959985e-05	0.989799914	0.000270081912
20	37265605	37265606	ARHGAP40	0.975323072	8.92561398e-05	8.10176753e-05	0.00015960873	8.07700064e-05	5.12469653e-05
20	41583724	41583725	PTPRT	0.0074267542	0.0064681467	0.000273551388	0.0273688117	0.927624046	0.000158675466
20	53935768	53935769	unknown	9.23543741e-05	0.00065160384	0.999999994	4.56826145e-05	0.000126287163	0.000225715471
20	57182564	57182565	APCDD1L-AS1	0.000657227792	0.000116131078	0.000228440665	1	2.17544476e-05	6.53117944e-05
20	62725480	62725481	OPRL1	0.000345034921	1	0.0275342592	4.09222343e-05	0.000143399345	0.000214241526
20	7521568	7521569	unknown	0.00193825635	0.0110546227	0.000915133146	1.09471999e-05	0.982104671	4.14194684e-05
20	8223022	8223023	PLCB1	0.000242930954	3.04008308e-05	0.000339327653	0.018652776	0.999711352	4.50955268e-05
20	8890585	8890586	PLCB1	0.000571838145	0.000243037381	0.000421797498	3.70066905e-05	6.57260977e-06	1
21	13004626	13004627	unknown	1	0.00255618169	0.00039154467	4.461194e-05	0.000625676025	5.58198443e-05
21	13880195	13880196	unknown	1	1	1	1	1	1
21	17749210	17749211	LINC00478	0.000109090286	1	0.000770494092	0.000195772905	0.0028540584	1.27950733e-05
21	20627801	20627802	unknown	1	1.25409648e-05	0.000370083583	0.000817441616	0.000935964338	4.38928583e-06
21	36456752	36456753	RUNX1	3.84418864e-05	0.799781058	0.000915133146	2.6462815e-05	7.10078749e-05	0.00280027715
21	37670231	37670232	unknown	1.36776831e-05	0.000810401666	0.226473248	0.000239639988	0.87617999	3.88351372e-06
21	39848566	39848567	ERG	1	1	1	0.00107733398	0.000894710724	1
21	9129285	9129286	unknown	1.41347975e-05	1.62842272e-05	0.00187808002	6.88833608e-05	0.00284580121	0.881264172
22	25225036	25225037	SGSM1	0.00017305973	9.30629773e-06	0.000331405472	1	2.28694177e-06	5.82611302e-05
22	33585553	33585554	LARGE	1	0.000275657624	1	0.000106909807	0.00235350369	7.53980644e-05
22	38041365	38041366	SH3BP1,Z83844.1	0.00015654839	0.000884609615	0.000129043256	1	6.84697637e-06	5.58198443e-05
22	47013781	47013782	GRAMD4	1	1.68192872e-05	0.000495420115	1.04968421e-05	0.00117516228	0.000197454329
22	55695229	55695230	unknown	6.92854213e-05	1.30768187e-05	7.1622811e-05	1	1.53036441e-05	0.000188871481
22	9743782	9743783	unknown	5.82391951e-06	1	0.000354357088	0.00182134073	0.0001358823	3.49593552e-05
22	9889332	9889333	unknown	0.000265053107	2.07624753e-05	0.000171508089	1	0.000185122751	0.0100263711
3	11488261	11488262	ATG7	1	0.000430393919	0.00118743011	8.2771445e-05	0.000185122751	0.00163595906
3	11554245	11554246	ATG7	1	1	1	1	1	1
3	148471228	148471229	unknown	7.86996813e-05	1	0.011063399	0.000122117973	0.00410503242	0.000180674758
3	151005318	151005319	MED12L	1	1	1	1	1	1
3	159823860	159823861	IL12A-AS1	0.000242930954	0.000833714998	4.76286053e-05	0.996795247	9.50547047e-06	7.53980644e-05
3	188459553	188459554	LPP	0.000143533861	0.000710888155	2.40156031e-05	1	3.32738044e-05	0.00478685676
3	194050209	194050210	unknown	0.00324819712	0.000150952084	0.000139940721	2.77358446e-06	0.718338757	0.0001177922
3	19415854	19415855	KCNH8	1	1	1	1	1	1
3	21215064	21215065	unknown	1	1	1	1	1	1
3	26106264	26106265	unknown	5.15534157e-05	1	0.000157551247	0.000116645107	7.43108582e-06	3.49593552e-05
3	31485852	31485853	unknown	1	2.79236372e-05	0.000317917692	1.29541052e-05	0.000402778068	6.88790436e-06
3	36795661	36795662	unknown	1	0.00401277777	4.39182841e-05	6.88833608e-05	0.0445385316	0.000411316993
3	5251748	5251749	EDEM1	1	1	1	1	1	1
3	63329922	63329923	SYNPR	0.000576089099	0.00019794137	1.88108834e-06	0.999984894	0.000547832796	0.000640396426
3	69358696	69358697	FRMD4B	0.698333653	0.000411730528	0.000103801305	0.000250807477	0.000396083847	0.000345204945
3	72196138	72196139	LINC00877	1	0.000755210353	0.00104203453	0.0014247145	0.00298583913	8.81776856e-06
3	86486819	86486820	unknown	3.04578833e-05	0.000138518968	1	0.000107031179	8.43223765e-05	0.000116364576
3	99757179	99757180	CMSS1,FILIP1L	0.000106136258	1	5.78412286e-05	0.000172335298	7.43108582e-06	0.00149724227
4	106676502	106676503	GSTCD,INTS12,RP11-45L9.1	4.97193617e-05	0.000514246577	0.000463027828	0.000332456049	1	1.3902985e-05
4	111282327	111282328	unknown	1	1	1	1	1	1
4	115530067	115530068	UGT8	4.94305003e-05	2.5659272e-05	1	0.000266603072	8.29067815e-05	0.00254509441
4	124668475	124668476	LINC01091	9.62750651e-05	0.000673072859	2.40156031e-05	4.6582824e-05	0.000154963295	1
4	128730582	128730583	HSPA4L	0.000101680469	0.0008066047	1.30173736e-05	0.00945749992	1	4.7057183e-05
4	152073045	152073046	SH3D19	1.7494839e-05	1.90830177e-05	0.000375525075	0.000262517318	9.59755085e-05	0.934856696
4	157199218	157199219	unknown	0.999980148	0.000449885436	0.000164316958	0.000636257551	0.000249936666	0.00893431236
4	16368941	16368942	ZEB2P1	0.000414681016	8.92561398e-05	5.83753121e-05	0.000255133316	0.00429754091	1
4	164970406	164970407	MARCH1	0.000113739667	1.20274242e-05	8.79768021e-05	0.00103465457	0.000169206069	1
4	169123865	169123866	unknown	3.30400372e-05	2.78807785e-05	0.00145648974	1	6.57260977e-06	4.7057183e-05
4	169393127	169393128	DDX60L	1	0.00037374755	1	7.19611755e-05	8.07700064e-05	4.91063209e-05
4	178969186	178969187	unknown	0.00176739521	0.000121364194	0.00195980696	4.025558e-05	1.76667546e-05	1
4	24447411	24447412	unknown	0.00050368266	0.000470391243	0.000131436	1	4.63648817e-05	2.13466855e-05
4	34107764	34107765	unknown	1	1	1	1	1	1
4	36757642	36757643	unknown	0.00012365672	0.000710888155	0.997756192	1.24197252e-05	2.08660914e-05	4.91063209e-05
4	40103180	40103181	N4BP2	1	1	1	1	1	1
4	42042681	42042682	SLC30A9	1	1	1	1	1	1
4	48083440	48083441	TXK	8.21221242e-05	1	0.000345484428	7.85478821e-05	0.000169206069	5.82611302e-05
4	4942269	4942270	unknown	1	3.6184957e-06	1	0.000684502346	8.80356464e-05	0.0398200878
4	62358074	62358075	LPHN3	1.67903994e-05	0.877281716	0.000707307585	9.78680119e-05	0.00116524058	0.000106643091
4	81003827	81003828	ANTXR2	7.20221612e-05	0.000180983276	0.791287237	4.09222343e-05	0.00298583913	0.00463091985
4	87858499	87858500	AFF1	7.54236832e-05	5.67513217e-05	3.44645377e-05	0.000304305118	6.84697637e-06	1
4	88158522	88158523	KLHL8	0.000288179743	7.49753896e-05	0.00242747094	0.000187821852	1	0.000612466622
4	91258569	91258570	CCSER1	1.42494014e-05	4.79711908e-05	4.96026396e-05	1	4.25990032e-05	9.57646813e-06
4	94413479	94413480	GRID2	1	1	1	1	1	1
5	106499191	106499192	unknown	7.22876555e-05	7.29825489e-06	1	0.000568391837	0.000143399345	4.32175109e-05
5	107037117	107037118	RP11-252I13.2	0.000346336389	0.000247948438	6.78345813e-05	3.26260462e-05	0.0056690049	1
5	129748905	129748906	unknown	0.000203435107	0.000157592118	0.00022065406	0.00943678297	1.4965578e-05	1
5	13112557	13112558	unknown	1	1	1	1	1	1
5	137942630	137942631	unknown	7.54236832e-05	0.000165525868	3.44645377e-05	1	0.000109661539	5.08388306e-05
5	140576461	140576462	unknown	0.000265053107	9.42928256e-05	1.67776327e-05	1	0.00102453372	4.32175109e-05
5	146516946	146516947	unknown	0.000527829374	0.000960672222	5.78412286e-05	4.7652774e-05	0.953189961	7.53980644e-05
5	169509648	169509649	DOCK2	1	1	1	1	1	1
5	20454817	20454818	CDH18	0.000222124661	0.000189265536	0.000345484428	8.5755948e-05	2.08660914e-05	0.999727271
5	33543073	33543074	ADAMTS12	1	1	1	1	1	1
5	37757654	37757655	unknown	1	1	1	1	1	1
5	70687230	70687231	RP11-136K7.2	1	1	1	1	1	1
5	76613665	76613666	PDE8B	1	0.000429484417	1	0.000138614914	2.5711357e-05	1
5	76992191	76992192	TBCA	0.000819873543	0.000537741255	0.000219244369	4.19875049e-05	1	3.07974405e-05
5	76994188	76994189	TBCA	1	1	1	1	1	1
5	83944473	83944474	unknown	0.00589011953	0.988253538	0.000375525075	0.00526056874	3.17100299e-05	7.7924417e-06
5	87393016	87393017	unknown	0.000253570122	0.000232679282	0.00104127293	1	0.000459347308	2.39253703e-05
5	98630791	98630792	unknown	0.00118399348	0.000138518968	5.60429655e-05	0.000287676611	1	0.000188871481
6	119957316	119957317	unknown	0.000188317002	0.00115213591	0.000331405472	8.38092563e-06	0.00272831354	0.706534332
6	125775354	125775355	unknown	9.74171418e-05	3.45447665e-05	6.78345813e-05	1	0.000124525012	0.00163595906
6	128358581	128358582	PTPRK,RP11-103C16.2	5.37698564e-05	0.0004811832	0.000677758673	1	0.000100218362	4.38928583e-06
6	132297376	132297377	RP11-69I8.3	3.17222419e-05	0.000673072859	4.21754114e-05	1	8.64547008e-05	2.0274992e-06
6	136591658	136591659	BCLAF1	0.0024943622	0.000883437104	4.21754114e-05	0.000199886871	8.75565486e-06	0.815503336
6	146601107	146601108	GRM1	1	1	1	1	1	1
6	148664243	148664244	SASH1	0.000186371886	0.00145460277	0.999999998	0.000275518256	3.44936975e-05	0.000449151284
6	151818232	151818233	CCDC170	5.18023126e-05	0.000187294702	3.33606932e-05	0.0017409235	0.963168337	0.00704821654
6	154149175	154149176	unknown	0.943486547	7.83093627e-05	0.000228440665	3.59634859e-05	5.26641361e-05	7.72383796e-05
6	23861812	23861813	unknown	4.94305003e-05	5.44132447e-05	1	4.025558e-05	0.000126287163	1.94044674e-05
6	29622122	29622123	unknown	0.000109090286	0.00224187082	0.00026207418	1	1	6.08120455e-05
6	38151694	38151695	BTBD9	0.00015654839	0.984769496	0.000408271382	0.000504237986	0.000524175101	1.96663796e-05
6	39222551	39222552	unknown	1	5.30331613e-05	1	0.000204944739	5.73450784e-05	3.96978988e-05
6	55720530	55720531	BMP5	0.000896192336	1	6.08073035e-05	0.00361871176	5.98434723e-05	0.000390563522
6	64551723	64551724	EYS	0.00562502799	4.23046105e-05	4.05032433e-05	0.000151147614	1.55987283e-05	1
6	64924789	64924790	EYS	1	1	1	1	1	1
6	67521466	67521467	unknown	0.00260777828	0.00224187082	0.75807397	5.64399212e-05	0.00449949336	4.50955268e-05
6	71244931	71244932	FAM135A	0.000313976479	6.58216139e-05	0.000164316958	1	2.17544476e-05	0.000196580555
6	71553544	71553545	SMAP1	1	1	1	1	1	1
6	72528455	72528456	unknown	0.000128943092	1	0.000482924842	0.000127669699	1.12068255e-05	9.94471989e-05
6	80961014	80961015	BCKDHB	0.000232129656	2.67633149e-05	0.000343612448	0.000746096627	0.00298583913	0.796284866
6	9004109	9004110	unknown	6.84664517e-06	0.0019441615	9.34510449e-05	5.40989835e-05	1	1.64208527e-05
6	94593187	94593188	unknown	0.000915292951	0.00115213591	5.60429655e-05	1.29541052e-05	1	1.33373333e-05
7	104832082	104832083	SRPK2	2.99388658e-05	1	0.000211751046	0.00145423532	8.64547008e-05	4.14194684e-05
7	108216904	108216905	unknown	0.000753192702	0.00491957213	6.87461675e-05	0.000166931908	0.00786800368	1
7	109696982	109696983	unknown	0.00104009422	0.00224187082	0.000112785772	0.00071519907	1	0.00062556593
7	128587352	128587382	IRF5	0.000232129656	0.989495588	0.000138930332	0.000122117973	2.47923535e-06	8.21982135e-05
7	152427601	152427602	unknown	0.010824682	8.66086343e-05	1	3.44507695e-05	0.000109293629	0.000732398608
7	21276454	21276455	unknown	1	1	1	1	1	1
7	28149169	28149170	JAZF1	1	1	1	1	1	1
7	36696385	36696386	AOAH	1	1	1	1	1	1
7	3733385	3733386	SDK1	1	1	1	1	1	1
7	42746466	42746467	unknown	0.999785302	6.30321671e-05	9.34510449e-05	2.34425049e-05	5.98434723e-05	0.000145694191
7	47609900	47609901	TNS3	1	1	1	1	1	1
7	48407301	48407302	ABCA13	1	1	1	1	1	1
7	50430098	50430099	IKZF1	0.000551412317	0.000222774645	9.16841199e-05	0.000111732367	1	1.12989862e-05
7	52635798	52635799	unknown	0.000120750999	0.000188205597	3.88988323e-05	1	8.07700064e-05	0.000138647919
7	55696228	55696229	unknown	0.000433882204	5.07978028e-05	1	6.41020295e-05	6.80303008e-05	9.98035726e-06
7	55805890	55805891	CICP11	6.06409624e-06	2.45880427e-05	2.60168388e-05	3.02911608e-05	1	6.08120455e-05
7	56441227	56441228	unknown	0.000657227792	0.000289451238	0.000151073304	8.77570132e-05	4.63648817e-05	1
7	61086003	61086004	unknown	0.000194709774	0.000289451238	1	5.16039044e-06	0.000297054163	6.34477069e-06
7	66741644	66741645	unknown	0.000551412317	4.60011333e-05	0.000145738852	3.75441808e-05	0.730986526	0.0207748452
7	67622806	67622807	RP5-945F2.3	6.10238861e-05	0.00105475268	1	5.30479414e-05	0.000111260498	0.000884498315
7	77013697	77013698	GSAP	1.61148177e-05	0.000144854873	1	0.000318059667	0.00147643428	0.00178801038
7	86338072	86338073	GRM3	0.000483745233	0.999995917	7.92593749e-06	0.000106909807	8.75565486e-06	0.00037094061
7	91740764	91740765	unknown	1	2.56521615e-05	6.87461675e-05	6.04359402e-05	0.00219596702	5.34833333e-05
8	131298828	131298829	ASAP1	0.000406636237	1	0.0042717728	1.66902271e-05	2.26813936e-05	1.51086362e-05
8	141937288	141937289	PTK2	6.36590313e-05	1	4.39182841e-05	0.000500460998	4.83739996e-05	0.000206442381
8	143976132	143976133	GML	0.000194709774	0.000514246577	0.00196720294	0.00118205163	1	0.000265894818
8	33249840	33249841	FUT10	1	1	1	1	1	1
8	35999925	35999926	unknown	1	1	1	1	1	1
8	48706659	48706660	PRKDC	0.000110793544	2.26592638e-05	0.0213165686	1	0.000131745566	0.000536012177
8	494659	494665	TDRP	0.000185012799	0.000562349794	1.12934518e-05	3.91959985e-05	0.00146329298	1
8	50333352	50333353	unknown	5.62392288e-05	0.000792220844	3.31041363e-05	1	0.000143399345	1.64208527e-05
8	56594901	56594902	unknown	3.25356286e-05	0.000243037381	1	0.000550113618	0.000109293629	5.84502141e-06
8	66393281	66393282	unknown	1	3.60508813e-05	0.00358473121	9.78680119e-05	0.000297054163	0.000106643091
8	73748724	73748725	KCNB2	6.36590313e-05	5.07978028e-05	0.00108179615	0.000622150293	5.98434723e-05	1
8	79523617	79523618	unknown	0.00133219929	1.54638723e-05	0.00446415677	0.00118205163	1	8.58317178e-05
8	8176394	8176395	SGK223	0.000186371886	2.03981057e-06	0.000372611919	1	1.21705131e-05	0.000376766747
8	85106350	85106351	RALYL	1	1	1	1	1	1
8	86057224	86057225	LRRCC1	2.92447513e-05	0.000195581179	5.83753121e-05	0.00019106222	0.000310204583	0.803641633
8	91171944	91171945	unknown	0.000186371886	0.00121814694	0.889481685	0.0015651165	0.000249936666	0.000846862022
9	105395975	105395976	LINC00587	1	1	1	1	1	1
9	109627336	109627337	ZNF462	1	8.26609005e-06	7.46232238e-05	0.00361871176	0.00439536646	0.0001905243
9	112329747	112329748	unknown	1	1	1	1	1	1
9	125034217	125034218	MRRF	1	0.0210493513	0.00016465661	5.07965528e-05	0.00249379047	9.18916994e-06
9	125785541	125785542	RABGAP1	2.87208558e-05	1	0.000151783575	1.00652985e-05	0.000658154862	0.00042980399
9	126200155	126200156	DENND1A	1	0.000126840998	0.00124048824	7.51804378e-05	0.000161922706	4.32175109e-05
9	16866051	16866052	BNC2	1	1	1	1	1	1
9	21521613	21521614	MIR31HG	4.05213554e-06	0.000253870465	0.00024804284	1	6.72733135e-05	0.00125507634
9	38394256	38394257	ALDH1B1	0.999997027	0.000189265536	0.000138930332	0.000278604361	6.51807874e-05	0.000323601175
9	55573648	55573649	unknown	1	1	1	1	1	1
9	56984013	56984014	unknown	0.998414672	0.0019441615	0.000918990832	2.66431946e-05	5.04723867e-05	1.22752181e-05
9	65816737	65816738	unknown	6.64110876e-05	0.934851254	0.00135419089	3.44507695e-05	0.000396083847	2.71403215e-05
9	66288146	66288147	unknown	0.000277078366	1	5.53167783e-05	6.31267128e-05	0.002467467	0.00109218479
9	69131381	69131382	PGM5P2	4.17955398e-05	1	0.00113674193	0.000496612089	3.92354136e-05	4.32175109e-05
9	7162884	7162885	KDM4C	1	2.35689195e-05	6.08073035e-05	2.24650987e-05	0.00147643428	1.86103329e-05
9	96439005	96439006	PHF2	5.37698564e-05	0.817065281	0.000285552908	0.000855741696	3.30719503e-05	0.000282532248
