Chromosome	Position	Change	Gene	A22_A	A22_C	A22_D	A22_E	A22_F	A22_G	A22_H	A22_I	A22_J	A22_K	A22_L
4	25235807	G>A	PI4K2B	42	45	60	36	39	73	50	61	53	48	52
1	156737855	C>T	PRCC	114	141	155	127	109	151	163	163	114	146	115
6	155578990	C>T	TFB1M	687	658	700	601	630	831	699	683	577	592	576
22	45182335	A>G	PRR5-ARHGAP8	232	225	245	232	235	297	242	241	223	226	194
13	99361817	G>A	SLC15A1	975	558	710	874	779	934	747	786	618	735	787
19	10127729	G>A	RDH8	264	304	303	248	226	354	304	244	244	261	247
13	37586391	GC>G	FAM48A	184	172	185	124	152	190	200	165	130	171	139
16	88909176	C>T	GALNS	251	261	214	187	142	293	209	226	144	213	168
19	37621058	T>A	ZNF420	128	81	88	76	91	83	97	94	86	84	88
14	62233722	A>G	SNAPC1	701	500	572	462	471	457	472	460	549	430	579
2	68717382	C>T	APLF	513	436	427	404	402	438	501	384	382	392	424
20	41100990	T>G	PTPRT	529	449	484	492	409	547	520	568	437	424	439
X	64709206	C>G	ZC3H12B	405	454	473	347	363	418	506	341	306	365	350
11	55587626	C>A	OR5D18	629	424	577	495	528	519	663	769	459	698	533
11	70189931	C>T	PPFIA1	388	407	465	309	288	487	389	354	325	365	323
20	34797783	G>A	EPB41L1	445	396	475	393	413	495	552	478	389	474	414
20	43804694	G>A	PI3	869	692	832	756	710	969	836	857	672	725	715
17	62050108	C>T	SCN4A	555	538	540	520	520	591	544	533	490	521	476
19	18368756	C>T	KIAA1683	492	563	694	487	386	812	697	624	576	559	413
17	62034677	G>A	SCN4A	480	432	409	383	374	506	427	384	397	359	366
19	37880747	G>A	ZNF527	395	356	409	249	324	258	379	376	310	353	354
X	26212100	G>A	MAGEB6	289	299	312	272	253	364	202	243	244	258	283
10	31651730	A>T	ENSG00000196960	162	141	123	120	129	160	148	132	124	131	141
X	49036011	G>A	PRICKLE3	423	520	449	388	372	551	357	385	360	359	403
11	619860	G>A	CDHR5	66	64	93	75	41	108	83	58	53	57	66
7	149477883	C>T	SSPO	460	381	454	428	386	433	421	412	414	403	443
19	56090648	C>G	ZNF579	45	56	58	43	34	44	54	35	48	34	40
18	32953482	A>G	ZNF396	427	514	507	354	359	635	509	447	421	387	367
19	12187608	A>C	ZNF844	451	521	609	373	401	433	530	536	445	439	390
6	32052189	C>G	TNXB	672	738	753	720	636	860	812	642	664	739	516
7	141478295	C>T	TAS2R4	816	530	695	610	694	527	615	690	499	625	766
Y	9368078	A>T	TSPY10	579	763	734	813	831	744	744	825	639	888	549
11	121437724	G>GCT	SORL1	176	155	189	143	134	193	142	159	174	129	140
5	149360067	A>T	SLC26A2	669	672	720	560	611	628	888	622	579	586	609
15	78566698	G>C	DNAJA4	506	509	643	584	550	724	612	511	491	522	398
7	100033921	G>A	C7orf47	559	408	431	510	483	523	468	478	451	437	508
7	131982977	C>T	PLXNA4	718	553	635	648	595	746	624	592	566	528	647
7	157234577	G>A	ENSG00000237116	862	600	759	799	662	831	752	755	668	649	697
3	176782763	C>A	TBL1XR1	660	501	546	427	448	361	496	553	427	477	604
5	136974648	T>C	KLHL3	565	617	575	512	474	623	695	522	528	537	494
3	124731996	T>TA	HEG1	573	457	483	420	466	502	470	440	410	389	438
13	48937093	G>C	RB1	227	139	229	132	81	187	142	214	167	168	175
1	161641288	C>G	FCGR2B	661	719	847	776	762	884	854	749	684	800	634
3	50363835	G>A	TUSC2	377	356	346	303	338	404	341	301	270	277	328
1	152278890	C>A	FLG	1158	1025	1201	984	1064	1275	1140	1068	964	1067	946
13	52951668	C>G	THSD1	402	398	524	364	322	510	392	400	356	341	303
X	66943552	A>G	AR	418	424	433	295	310	456	440	311	373	365	347
7	37955824	C>T	SFRP4	56	76	97	90	71	91	78	64	94	48	74
11	124310920	G>A	OR8B8	444	435	554	330	358	614	426	404	382	396	350
10	119029638	G>A	SLC18A2	467	493	619	456	423	564	658	480	470	444	424
16	1260601	G>A	CACNA1H	712	717	765	656	532	863	812	618	664	652	697
5	89971051	C>T	GPR98	522	435	551	438	427	465	522	416	392	360	387
7	45719309	A>G	ADCY1	513	419	524	447	472	535	455	452	439	416	497
3	131306365	G>A	CPNE4	693	626	654	583	600	628	685	636	498	563	588
2	27803164	T>C	C2orf16	292	287	296	278	228	335	346	305	258	238	268
19	46094722	C>T	GPR4	210	208	218	185	201	226	203	171	171	184	162
14	93813649	G>A	COX8C	513	398	454	473	356	557	466	298	455	394	403
19	10692556	T>G	AP1M2	227	257	264	206	159	307	281	267	228	213	204
14	104195487	T>C	ZFYVE21	630	565	578	574	501	700	520	362	510	346	544
19	50838388	G>A	NAPSB	293	292	278	248	262	348	327	313	255	277	235
4	1985120	C>A	WHSC2	595	523	562	567	535	621	619	585	495	481	483
16	816465	A>G	MSLN	510	528	546	453	412	671	542	491	427	452	453
1	1019295	C>T	C1orf159	154	142	110	124	107	157	132	116	105	119	105
17	58134525	G>A	HEATR6	536	473	467	402	423	536	512	441	399	400	469
4	141461442	T>C	ELMOD2	495	467	430	372	380	423	444	414	336	412	376
17	8135245	C>A	C17orf68	230	247	292	169	171	343	258	260	202	191	181
6	137187867	A>G	PEX7	500	483	483	365	385	367	507	404	401	376	425
1	26603033	T>C	CCDC21	537	552	519	422	427	597	497	432	474	423	435
4	144619257	C>T	FREM3	342	357	340	280	306	377	369	317	286	302	288
10	124896844	C>T	HMX3	240	310	337	232	243	382	353	240	267	247	237
7	6194708	G>A	USP42	468	532	568	461	446	542	532	440	498	364	432
2	26798809	C>T	C2orf70	393	346	333	322	310	427	407	394	333	338	278
10	124742516	G>A	PSTK	480	427	568	381	355	339	439	409	431	406	429
7	150554516	G>A	ABP1	246	193	198	195	235	205	224	207	182	176	211
8	56695349	C>G	TGS1	1363	560	758	835	674	606	793	834	778	815	1288
6	88853733	G>T	CNR1	354	464	517	426	443	538	635	482	441	438	340
13	50008359	C>A	ENSG00000215462	287	328	362	189	227	302	251	233	250	230	245
5	41181566	C>CC	C6	758	574	670	515	578	440	658	521	556	546	573
1	177250332	A>G	FAM5B	799	858	975	699	826	868	932	787	714	837	725
17	61557751	G>A	ACE	728	693	688	671	630	818	754	648	586	668	653
3	138417926	T>TT	PIK3CB	531	443	511	374	399	360	426	414	389	385	435
13	113223461	C>T	TUBGCP3	825	521	648	619	690	556	506	608	523	720	744
13	95839142	G>C	ABCC4	486	272	288	400	399	411	327	354	308	309	403
11	59666363	T>C	ENSG00000214793	436	435	561	417	408	565	539	472	430	401	398
8	12542074	C>T	OR7E8P	350	335	293	263	274	307	332	323	258	326	284
5	159399467	A>G	ADRA1B	180	177	165	134	133	192	218	156	158	155	185
3	114069918	T>C	ZBTB20	615	598	609	583	552	755	662	583	580	607	540
18	72346195	A>G	ZNF407	481	593	584	368	423	628	413	416	391	363	376
4	121774653	T>C	PRDM5	373	417	407	296	328	440	437	345	332	345	322
6	76343355	A>G	SENP6	556	522	583	402	454	420	542	551	516	512	457
1	152081633	G>A	TCHH	924	778	882	745	800	1016	893	796	865	786	702
19	57050989	T>C	ZFP28	409	405	374	296	365	411	368	363	316	304	345
12	13768513	C>A	GRIN2B	537	512	549	407	468	437	523	507	396	493	512
2	216977853	G>C	XRCC5	553	524	553	366	446	549	535	525	412	478	466
5	13845085	C>G	DNAH5	616	591	660	544	549	604	641	572	562	560	583
4	17690076	G>A	FAM184B	524	405	485	423	393	504	455	417	403	401	433
6	45390354	G>GC	RUNX2	452	432	503	416	402	495	466	420	436	406	361
9	125637643	T>C	RC3H2	771	678	660	574	593	674	614	499	574	605	787
20	42788248	G>A	JPH2	701	593	635	576	583	721	845	782	589	607	542
9	67938643	A>G	ANKRD20A3	678	339	593	410	226	392	295	435	396	427	568
